10001100000100000000000000000000
00100000000100100000000000000001
00100000000101000000000000000001
00010010000000000000000000001011
00010010000100100000000000001010
00000010010100101001000000100000
00010010000100100000000000001001
00100000000100110000000000000010
00000010000100110000000000011010
00000000000000000100100000010000
00010001001000000000000000000100
00100010011100110000000000000001
00010110011100001111111111111011
00100000000101000000000000000001
00001000000100000000000000010000
00100000000101000000000000000000
10101100000101000000000000000100
